/home/diarmaid/PycharmProjects/Assignment1_AI/.venv/bin/python /home/diarmaid/PycharmProjects/Assignment1_AI/Code/Main.py 
Reading input file
Setting up population
Setting up population
Stagnation detected at generation 280. Fitness: -421000.0
Stagnation detected at generation 320. Fitness: -421000.0
Stagnation detected at generation 398. Fitness: -361000.0
Stagnation detected at generation 518. Fitness: -181000.0
Stagnation detected at generation 558. Fitness: -181000.0
Stagnation detected at generation 598. Fitness: -181000.0
Stagnation detected at generation 638. Fitness: -181000.0
Stagnation detected at generation 678. Fitness: -181000.0
Stagnation detected at generation 722. Fitness: -181000.0
Stagnation detected at generation 814. Fitness: -62000.0
Stagnation detected at generation 854. Fitness: -62000.0
Stagnation detected at generation 894. Fitness: -62000.0
Stagnation detected at generation 934. Fitness: -62000.0
Stagnation detected at generation 974. Fitness: -62000.0
Stagnation detected at generation 1014. Fitness: -62000.0
Stagnation detected at generation 1054. Fitness: -62000.0
Stagnation detected at generation 1094. Fitness: -62000.0
finished on gen 1129
Computation time in seconds:  90.892975569
top 5% of last gen: [-62000. -62000. -62000. -62000. -62000. -62000. -62000.  -2000.]
top 5% of last gens Diploid: [-962000. -902000. -843000. -843000. -772000. -723000. -672000. -483000.]
Max Fitness of final gen: -2000.0
Max Fitness of last gens Diploid: -483000.0
Fitnesses of last gen: [-6.20000000e+04 -6.20000000e+04 -6.20000000e+04 -6.20000000e+04
 -6.20000000e+04 -6.20000000e+04 -6.20000000e+04 -6.20000000e+04
 -1.43300000e+06 -2.00000187e+12 -4.00000221e+12 -2.00000102e+12
 -1.00000061e+12 -4.00000183e+12 -1.24200000e+06 -2.00000203e+12
 -2.00000164e+12 -1.58200000e+06 -3.00000257e+12 -5.00000222e+12
 -1.13300000e+06 -2.00000178e+12 -6.63000000e+05 -1.31300000e+06
 -1.75200000e+06 -8.00000352e+12 -7.23000000e+05 -7.82000000e+05
 -1.00000156e+12 -1.31300000e+06 -1.78300000e+06 -1.00000117e+12
 -1.83000000e+05 -1.62300000e+06 -1.07300000e+06 -3.00000219e+12
 -4.00000284e+12 -1.78300000e+06 -1.14300000e+06 -3.00000228e+12
 -2.00000165e+12 -1.31300000e+06 -1.00000069e+12 -6.00000419e+12
 -1.00000128e+12 -4.00000183e+12 -4.00000169e+12 -3.00000143e+12
 -4.83000000e+05 -5.00000275e+12 -1.00000140e+12 -3.00000108e+12
 -1.83200000e+06 -1.13300000e+06 -8.33000000e+05 -2.00000249e+12
 -1.00000142e+12 -2.00000000e+03 -2.00000173e+12 -1.29200000e+06
 -3.63000000e+05 -1.49300000e+06 -2.00000259e+12 -1.47300000e+06
 -3.00000189e+12 -3.00000056e+12 -8.43000000e+05 -1.83200000e+06
 -4.83000000e+05 -3.00000300e+12 -2.00000145e+12 -1.11200000e+06
 -5.00000145e+12 -2.00000240e+12 -6.00000336e+12 -5.00000123e+12
 -2.00000159e+12 -1.25300000e+06 -2.00000132e+12 -3.00000119e+12
 -4.00000217e+12 -1.31200000e+06 -2.00000141e+12 -2.00000141e+12
 -2.00000138e+12 -3.00000175e+12 -6.00000211e+12 -4.23000000e+05
 -8.33000000e+05 -1.74300000e+06 -1.00000217e+12 -1.00000112e+12
 -1.95300000e+06 -4.22000000e+05 -2.00000179e+12 -1.13300000e+06
 -3.00000243e+12 -3.00000086e+12 -6.02000000e+05 -7.83000000e+05
 -2.00000213e+12 -2.10300000e+06 -3.00000214e+12 -2.00000167e+12
 -5.92000000e+05 -1.43300000e+06 -8.00000337e+12 -1.32300000e+06
 -1.86200000e+06 -1.25300000e+06 -1.41200000e+06 -1.00000174e+12
 -2.00000136e+12 -1.11300000e+06 -9.00000349e+12 -2.00000144e+12
 -2.05300000e+06 -4.83000000e+05 -1.83000000e+05 -1.54300000e+06
 -3.00000134e+12 -2.00000169e+12 -1.74200000e+06 -4.00000132e+12
 -3.00000198e+12 -6.03000000e+05 -1.55300000e+06 -1.64200000e+06
 -2.00000196e+12 -1.08300000e+06 -1.72200000e+06 -7.22000000e+05
 -2.00000158e+12 -3.00000198e+12 -2.00000142e+12 -8.00000364e+12
 -1.19200000e+06 -8.42000000e+05 -1.00000205e+12 -5.92000000e+05
 -8.00000341e+12 -2.00000259e+12 -3.00000202e+12 -1.00000095e+12
 -1.00000034e+13 -2.00000302e+12 -1.83300000e+06 -9.63000000e+05
 -2.00000084e+12 -3.00000219e+12 -7.23000000e+05 -3.00000127e+12
 -3.00000169e+12 -2.00000150e+12 -1.20200000e+06 -4.00000311e+12
 -5.93000000e+05 -7.00000309e+12 -3.00000226e+12 -2.00000097e+12
 -2.00000132e+12 -4.00000165e+12 -3.00000120e+12 -2.00000135e+12
 -1.00000048e+12 -2.00000085e+12 -3.00000173e+12 -3.63000000e+05
 -1.00000173e+12 -1.98400000e+06]
Fitnesses of last gens diploid: [-6.00000336e+12 -4.00000255e+12 -1.00000035e+13 -5.00000195e+12
 -4.83000000e+05 -7.00000288e+12 -3.00000372e+12 -9.62000000e+05
 -6.00000304e+12 -4.00000246e+12 -7.00000302e+12 -3.00000179e+12
 -8.00000336e+12 -1.10000038e+13 -5.00000287e+12 -8.00000324e+12
 -4.00000175e+12 -7.00000280e+12 -4.00000282e+12 -8.00000314e+12
 -7.00000470e+12 -1.00000040e+13 -1.10000030e+13 -9.00000284e+12
 -6.00000291e+12 -6.00000332e+12 -4.00000284e+12 -4.00000233e+12
 -3.00000211e+12 -4.00000236e+12 -1.36300000e+06 -1.95300000e+06
 -6.72000000e+05 -1.00000036e+13 -7.00000380e+12 -8.00000324e+12
 -2.00000224e+12 -9.00000354e+12 -8.00000345e+12 -1.49300000e+06
 -1.60300000e+06 -6.00000357e+12 -3.00000267e+12 -5.00000148e+12
 -5.00000498e+12 -2.29300000e+06 -8.00000406e+12 -6.00000274e+12
 -1.00000039e+13 -8.00000367e+12 -7.00000276e+12 -4.00000215e+12
 -5.00000305e+12 -1.26300000e+06 -6.00000253e+12 -9.00000306e+12
 -9.63000000e+05 -9.00000323e+12 -7.00000218e+12 -3.00000233e+12
 -9.00000311e+12 -5.00000281e+12 -7.00000382e+12 -7.00000230e+12
 -3.00000234e+12 -1.00000136e+12 -6.00000272e+12 -3.00000249e+12
 -3.00000230e+12 -8.43000000e+05 -1.00000201e+12 -6.00000340e+12
 -6.00000257e+12 -7.00000288e+12 -1.10000043e+13 -8.00000308e+12
 -7.00000261e+12 -1.00000295e+12 -7.00000314e+12 -1.00000032e+13
 -6.00000268e+12 -7.00000229e+12 -5.00000288e+12 -1.00000123e+12
 -7.00000237e+12 -3.00000309e+12 -7.00000318e+12 -1.84300000e+06
 -4.00000295e+12 -2.76200000e+06 -4.00000261e+12 -2.16200000e+06
 -2.31300000e+06 -2.12100000e+06 -1.77300000e+06 -9.00000265e+12
 -6.00000295e+12 -7.00000314e+12 -6.00000276e+12 -9.00000412e+12
 -6.00000346e+12 -6.00000380e+12 -7.00000257e+12 -3.00000190e+12
 -6.00000291e+12 -9.02000000e+05 -7.72000000e+05 -6.00000336e+12
 -5.00000269e+12 -6.00000338e+12 -8.00000364e+12 -5.00000261e+12
 -7.00000327e+12 -6.00000318e+12 -1.00000128e+12 -7.00000411e+12
 -7.00000288e+12 -1.00000034e+13 -8.00000246e+12 -7.00000431e+12
 -8.00000212e+12 -2.00000134e+12 -2.00000212e+12 -1.08300000e+06
 -7.00000361e+12 -4.00000379e+12 -6.00000301e+12 -3.00000274e+12
 -1.00000145e+12 -6.00000262e+12 -9.00000457e+12 -3.00000183e+12
 -8.00000330e+12 -1.00000077e+12 -6.00000238e+12 -8.00000261e+12
 -4.00000218e+12 -6.00000277e+12 -9.00000292e+12 -7.00000339e+12
 -4.00000294e+12 -3.00000211e+12 -2.46200000e+06 -3.00000222e+12
 -1.00000124e+12 -1.71300000e+06 -3.00000356e+12 -4.00000194e+12
 -1.32300000e+06 -4.00000274e+12 -7.23000000e+05 -4.00000263e+12
 -5.00000353e+12 -6.00000290e+12 -1.61300000e+06 -1.10000030e+13
 -6.00000346e+12 -4.00000378e+12 -9.00000282e+12 -1.25200000e+06
 -8.43000000e+05 -6.00000319e+12 -3.00000169e+12 -5.00000379e+12
 -6.00000382e+12 -5.00000311e+12 -2.17400000e+06 -4.00000360e+12
 -5.00000345e+12 -8.00000390e+12]
best timetable in last gen:  [[17, 2, 9], [0, 8], [15, 20, 24, 6], [23, 12], [13, 18, 19], [7, 16], [11, 3], [14, 21], [1, 22, 10], [4, 5]] with fitness:  -2000.0
best timetable in last gens Diploid:  [[17, 2, 20, 9], [8, 0], [6, 24, 15], [23, 12], [13, 19, 5, 1], [3, 7], [11, 16], [14, 21], [22, 10, 18], [4]] with fitness:  -483000.0
The max fitnesses of each gen:  [-8000001140000, -8000001140000, -8000001140000, -7000001220000, -7000001220000, -6000001731000, -6000001731000, -6000001731000, -6000001731000, -6000001731000, -6000001731000, -6000001421000, -5000002101000, -4000002331000, -5000002101000, -5000001551000, -5000001551000, -5000001551000, -5000001551000, -5000001551000, -5000001551000, -5000001551000, -5000001541000, -4000001941000, -4000001941000, -3000002192000, -3000002192000, -3000002192000, -3000002192000, -3000002192000, -3000002191000, -3000002191000, -2000002752000, -2000002752000, -2000002752000, -2000002752000, -2000002752000, -2000002752000, -2000002752000, -2000002752000, -2000002752000, -1000002892000, -1000002892000, -1000002892000, -1000002892000, -1000002892000, -1000002452000, -1000002452000, -1000002452000, -1000002382000, -1000002382000, -1000002382000, -1000002382000, -1000002382000, -2812000, -2812000, -2582000, -2582000, -2352000, -2352000, -2352000, -2182000, -2182000, -2182000, -2182000, -2182000, -2182000, -2182000, -2182000, -2012000, -2012000, -2012000, -1882000, -1882000, -1812000, -1712000, -1712000, -1592000, -1592000, -1712000, -1712000, -1601000, -1551000, -1551000, -1422000, -1422000, -1422000, -1291000, -1291000, -1291000, -1291000, -1131000, -1071000, -1071000, -1071000, -1071000, -1071000, -1071000, -1071000, -1071000, -1071000, -1071000, -1021000, -1021000, -951000, -951000, -951000, -951000, -951000, -951000, -951000, -951000, -951000, -951000, -951000, -951000, -951000, -951000, -951000, -951000, -951000, -891000, -891000, -891000, -891000, -891000, -891000, -891000, -891000, -841000, -841000, -841000, -841000, -841000, -841000, -841000, -841000, -841000, -841000, -841000, -841000, -841000, -841000, -721000, -721000, -721000, -721000, -721000, -721000, -721000, -721000, -721000, -721000, -601000, -601000, -601000, -601000, -601000, -601000, -601000, -601000, -601000, -601000, -601000, -601000, -601000, -601000, -601000, -601000, -601000, -541000, -541000, -541000, -541000, -541000, -541000, -541000, -541000, -541000, -541000, -541000, -541000, -541000, -481000, -481000, -481000, -481000, -481000, -481000, -481000, -481000, -481000, -481000, -481000, -481000, -481000, -481000, -481000, -481000, -481000, -481000, -481000, -481000, -481000, -481000, -481000, -481000, -481000, -481000, -481000, -481000, -481000, -481000, -481000, -481000, -481000, -481000, -481000, -481000, -481000, -481000, -481000, -481000, -481000, -481000, -481000, -481000, -481000, -481000, -481000, -481000, -481000, -481000, -481000, -481000, -481000, -481000, -481000, -481000, -421000, -421000, -421000, -421000, -421000, -421000, -421000, -421000, -421000, -421000, -421000, -421000, -421000, -421000, -421000, -421000, -421000, -421000, -421000, -421000, -421000, -421000, -421000, -421000, -421000, -421000, -421000, -421000, -421000, -421000, -421000, -421000, -421000, -421000, -421000, -421000, -421000, -421000, -421000, -421000, -421000, -421000, -421000, -421000, -421000, -421000, -421000, -421000, -421000, -421000, -421000, -421000, -421000, -421000, -421000, -421000, -421000, -421000, -421000, -421000, -421000, -421000, -421000, -421000, -421000, -421000, -421000, -421000, -421000, -421000, -421000, -421000, -421000, -421000, -421000, -421000, -421000, -421000, -421000, -421000, -421000, -421000, -421000, -421000, -421000, -421000, -421000, -421000, -421000, -421000, -421000, -421000, -421000, -421000, -421000, -421000, -421000, -421000, -421000, -421000, -421000, -421000, -421000, -421000, -421000, -421000, -421000, -421000, -421000, -361000, -361000, -361000, -361000, -361000, -361000, -361000, -361000, -361000, -361000, -361000, -361000, -361000, -361000, -361000, -361000, -361000, -361000, -361000, -361000, -361000, -361000, -361000, -361000, -361000, -361000, -361000, -361000, -361000, -361000, -361000, -361000, -361000, -361000, -361000, -361000, -361000, -361000, -361000, -361000, -361000, -361000, -361000, -361000, -361000, -361000, -361000, -361000, -361000, -361000, -361000, -361000, -361000, -361000, -361000, -361000, -361000, -361000, -361000, -361000, -361000, -361000, -361000, -361000, -361000, -301000, -301000, -301000, -301000, -301000, -301000, -301000, -301000, -301000, -301000, -301000, -301000, -301000, -301000, -301000, -301000, -301000, -301000, -301000, -301000, -301000, -301000, -301000, -301000, -301000, -301000, -301000, -301000, -301000, -301000, -301000, -301000, -301000, -301000, -301000, -301000, -241000, -241000, -241000, -241000, -241000, -241000, -241000, -241000, -241000, -241000, -181000, -181000, -181000, -181000, -181000, -181000, -181000, -181000, -181000, -181000, -181000, -181000, -181000, -181000, -181000, -181000, -181000, -181000, -181000, -181000, -181000, -181000, -181000, -181000, -181000, -181000, -181000, -181000, -181000, -181000, -181000, -181000, -181000, -181000, -181000, -181000, -181000, -181000, -181000, -181000, -181000, -181000, -181000, -181000, -181000, -181000, -181000, -181000, -181000, -181000, -181000, -181000, -181000, -181000, -181000, -181000, -181000, -181000, -181000, -181000, -181000, -181000, -181000, -181000, -181000, -181000, -181000, -181000, -181000, -181000, -181000, -181000, -181000, -181000, -181000, -181000, -181000, -181000, -181000, -181000, -181000, -181000, -181000, -181000, -181000, -181000, -181000, -181000, -181000, -181000, -181000, -181000, -181000, -181000, -181000, -181000, -181000, -181000, -181000, -181000, -181000, -181000, -181000, -181000, -181000, -181000, -181000, -181000, -181000, -181000, -181000, -181000, -181000, -181000, -181000, -181000, -181000, -181000, -181000, -181000, -181000, -181000, -181000, -181000, -181000, -181000, -181000, -181000, -181000, -181000, -181000, -181000, -181000, -181000, -181000, -181000, -181000, -181000, -181000, -181000, -181000, -181000, -181000, -181000, -181000, -181000, -181000, -181000, -181000, -181000, -181000, -181000, -181000, -181000, -181000, -181000, -181000, -181000, -181000, -181000, -181000, -181000, -181000, -181000, -181000, -181000, -181000, -181000, -181000, -181000, -181000, -181000, -181000, -181000, -181000, -181000, -181000, -181000, -181000, -181000, -181000, -181000, -181000, -181000, -181000, -181000, -181000, -181000, -181000, -181000, -181000, -181000, -181000, -181000, -181000, -181000, -181000, -181000, -181000, -181000, -181000, -181000, -181000, -181000, -181000, -181000, -181000, -181000, -181000, -181000, -181000, -181000, -181000, -181000, -181000, -181000, -181000, -181000, -181000, -181000, -181000, -181000, -181000, -181000, -181000, -181000, -181000, -181000, -181000, -181000, -181000, -181000, -181000, -181000, -181000, -181000, -181000, -181000, -181000, -181000, -181000, -181000, -181000, -181000, -181000, -181000, -181000, -181000, -122000, -122000, -181000, -181000, -181000, -181000, -181000, -181000, -181000, -181000, -181000, -181000, -181000, -181000, -181000, -181000, -181000, -122000, -122000, -122000, -122000, -122000, -122000, -122000, -122000, -122000, -122000, -122000, -122000, -122000, -122000, -122000, -122000, -122000, -122000, -122000, -122000, -122000, -122000, -122000, -122000, -122000, -122000, -122000, -122000, -122000, -122000, -122000, -62000, -62000, -62000, -62000, -62000, -62000, -62000, -62000, -62000, -62000, -62000, -62000, -62000, -62000, -62000, -62000, -62000, -62000, -62000, -62000, -62000, -62000, -62000, -62000, -62000, -62000, -62000, -62000, -62000, -62000, -62000, -62000, -62000, -62000, -62000, -62000, -62000, -62000, -62000, -62000, -62000, -62000, -62000, -62000, -62000, -62000, -62000, -62000, -62000, -62000, -62000, -62000, -62000, -62000, -62000, -62000, -62000, -62000, -62000, -62000, -62000, -62000, -62000, -62000, -62000, -62000, -62000, -62000, -62000, -62000, -62000, -62000, -62000, -62000, -62000, -62000, -62000, -62000, -62000, -62000, -62000, -62000, -62000, -62000, -62000, -62000, -62000, -62000, -62000, -62000, -62000, -62000, -62000, -62000, -62000, -62000, -62000, -62000, -62000, -62000, -62000, -62000, -62000, -62000, -62000, -62000, -62000, -62000, -62000, -62000, -62000, -62000, -62000, -62000, -62000, -62000, -62000, -62000, -62000, -62000, -62000, -62000, -62000, -62000, -62000, -62000, -62000, -62000, -62000, -62000, -62000, -62000, -62000, -62000, -62000, -62000, -62000, -62000, -62000, -62000, -62000, -62000, -62000, -62000, -62000, -62000, -62000, -62000, -62000, -62000, -62000, -62000, -62000, -62000, -62000, -62000, -62000, -62000, -62000, -62000, -62000, -62000, -62000, -62000, -62000, -62000, -62000, -62000, -62000, -62000, -62000, -62000, -62000, -62000, -62000, -62000, -62000, -62000, -62000, -62000, -62000, -62000, -62000, -62000, -62000, -62000, -62000, -62000, -62000, -62000, -62000, -62000, -62000, -62000, -62000, -62000, -62000, -62000, -62000, -62000, -62000, -62000, -62000, -62000, -62000, -62000, -62000, -62000, -62000, -62000, -62000, -62000, -62000, -62000, -62000, -62000, -62000, -62000, -62000, -62000, -62000, -62000, -62000, -62000, -62000, -62000, -62000, -62000, -62000, -62000, -62000, -62000, -62000, -62000, -62000, -62000, -62000, -62000, -62000, -62000, -62000, -62000, -62000, -62000, -62000, -62000, -62000, -62000, -62000, -62000, -62000, -62000, -62000, -62000, -62000, -62000, -62000, -62000, -62000, -62000, -62000, -62000, -62000, -62000, -62000, -62000, -62000, -62000, -62000, -62000, -62000, -62000, -62000, -62000, -62000, -62000, -62000, -62000, -62000, -62000, -62000, -62000, -62000, -62000, -62000, -62000, -62000, -62000, -62000, -62000, -62000, -62000, -62000, -62000, -62000, -62000, -62000, -62000, -62000, -62000, -62000, -62000, -62000, -62000, -62000, -62000, -62000, -62000, -62000, -62000, -62000, -62000, -62000, -62000, -62000, -62000, -62000, -62000, -62000, -62000, -62000, -62000, -62000, -62000, -62000, -62000, -62000, -62000, -62000, -62000, -62000, -62000, -62000, -62000, -62000, -62000, -62000, -62000, -62000, -62000, -62000, -62000, -62000, -62000, -62000, -62000, -62000, -62000, -62000, -62000, -62000, -62000, -62000, -62000, -62000, -62000, -62000, -62000, -62000, -62000, -62000, -62000, -62000, -62000, -62000, -62000, -62000, -62000, -62000, -62000, -62000, -62000, -62000, -62000]

Process finished with exit code 0

