/home/diarmaid/PycharmProjects/Assignment1_AI/.venv/bin/python /home/diarmaid/PycharmProjects/Assignment1_AI/Code/Main.py 
Reading input file
Setting up population
Setting up population
Stagnation detected at generation 315. Fitness: -121000.0
Stagnation detected at generation 355. Fitness: -121000.0
Stagnation detected at generation 395. Fitness: -121000.0
Stagnation detected at generation 435. Fitness: -121000.0
Stagnation detected at generation 475. Fitness: -121000.0
Stagnation detected at generation 561. Fitness: -61000.0
finished on gen 592
Computation time in seconds:  47.5763783454895
top 5% of last gen: [-61000. -61000. -61000. -61000. -61000. -61000. -61000.  -2000.]
top 5% of last gens Diploid: [-1261000.  -783000.  -783000.  -682000.  -603000.  -362000.  -244000.
   -61000.]
Max Fitness of final gen: -2000.0
Max Fitness of last gens Diploid: -61000.0
Fitnesses of last gen: [-6.10000000e+04 -6.10000000e+04 -6.10000000e+04 -6.10000000e+04
 -6.10000000e+04 -6.10000000e+04 -6.10000000e+04 -6.10000000e+04
 -2.14100000e+06 -1.00000281e+12 -1.00000198e+12 -1.67200000e+06
 -3.00000224e+12 -4.00000174e+12 -1.00000243e+12 -2.00000237e+12
 -1.00000097e+12 -1.00000193e+12 -7.71000000e+05 -3.00000141e+12
 -5.42000000e+05 -1.74200000e+06 -9.52000000e+05 -2.00000162e+12
 -6.10000000e+04 -1.66200000e+06 -3.00000307e+12 -3.00000186e+12
 -2.00000220e+12 -9.02000000e+05 -6.10000000e+04 -1.83300000e+06
 -4.00000207e+12 -2.00000135e+12 -2.00000069e+12 -1.00000123e+12
 -2.02200000e+06 -9.61000000e+05 -5.00000178e+12 -2.00000249e+12
 -4.00000250e+12 -7.00000196e+12 -2.00000263e+12 -1.26300000e+06
 -4.00000168e+12 -2.00000192e+12 -3.00000189e+12 -6.00000228e+12
 -4.00000260e+12 -1.00000228e+12 -1.44300000e+06 -6.10000000e+04
 -4.00000285e+12 -1.30200000e+06 -9.00000277e+12 -2.00000238e+12
 -2.00000198e+12 -3.00000128e+12 -2.00000184e+12 -3.00000202e+12
 -3.00000122e+12 -2.00000118e+12 -1.67100000e+06 -1.00000282e+12
 -7.00000302e+12 -1.00000090e+12 -1.96200000e+06 -2.00000165e+12
 -1.47200000e+06 -1.65200000e+06 -1.00000145e+12 -4.83000000e+05
 -4.00000332e+12 -1.53200000e+06 -6.00000298e+12 -3.00000229e+12
 -9.52000000e+05 -2.00000178e+12 -1.80100000e+06 -1.00000207e+12
 -9.61000000e+05 -1.20100000e+06 -3.00000135e+12 -1.48300000e+06
 -1.18200000e+06 -6.03000000e+05 -3.00000222e+12 -8.91000000e+05
 -9.63000000e+05 -8.00000323e+12 -7.00000256e+12 -7.00000434e+12
 -1.36200000e+06 -1.00000089e+12 -1.00000105e+12 -2.00000149e+12
 -5.00000342e+12 -7.00000275e+12 -2.00000220e+12 -3.00000227e+12
 -1.02300000e+06 -2.00000199e+12 -2.00000127e+12 -1.00000129e+12
 -3.00000124e+12 -1.00000192e+12 -1.00000171e+12 -1.00000198e+12
 -2.00000030e+12 -2.00000132e+12 -1.00000247e+12 -1.14100000e+06
 -1.78200000e+06 -2.00000000e+03 -1.13200000e+06 -7.00000224e+12
 -4.00000291e+12 -2.00000192e+12 -1.00000214e+12 -7.22000000e+05
 -2.42000000e+05 -3.01000000e+05 -1.36300000e+06 -1.00000164e+12
 -2.00000192e+12 -2.00000161e+12 -2.00000233e+12 -1.08200000e+06
 -6.00000228e+12 -5.00000263e+12 -1.00000084e+12 -2.41000000e+05
 -3.00000143e+12 -2.00000212e+12 -6.61000000e+05 -2.93200000e+06
 -3.00000285e+12 -7.73000000e+05 -1.00000119e+12 -2.00000157e+12
 -9.02000000e+05 -3.01000000e+05 -8.00000220e+12 -7.00000257e+12
 -1.00000156e+12 -8.00000491e+12 -6.02000000e+05 -2.00000126e+12
 -2.00000157e+12 -1.00000288e+12 -6.00000323e+12 -1.00000269e+12
 -1.00000099e+12 -1.00000135e+12 -2.77200000e+06 -3.00000163e+12
 -9.03000000e+05 -1.00000135e+12 -2.24300000e+06 -8.00000438e+12
 -2.44000000e+05 -1.01100000e+06 -1.32100000e+06 -1.78100000e+06
 -4.82000000e+05 -8.92000000e+05 -1.43100000e+06 -5.00000195e+12
 -6.00000336e+12 -6.00000316e+12]
Fitnesses of last gens diploid: [-4.00000225e+12 -5.00000212e+12 -5.00000215e+12 -7.00000352e+12
 -6.00000269e+12 -5.00000193e+12 -1.66300000e+06 -1.48200000e+06
 -3.00000284e+12 -3.00000184e+12 -6.00000314e+12 -7.00000422e+12
 -5.00000215e+12 -6.00000290e+12 -7.00000217e+12 -4.00000157e+12
 -7.00000274e+12 -3.00000439e+12 -9.00000334e+12 -8.00000390e+12
 -5.00000264e+12 -4.00000259e+12 -2.00000197e+12 -4.00000353e+12
 -5.00000353e+12 -6.00000227e+12 -1.00000019e+13 -1.26100000e+06
 -5.00000231e+12 -4.00000277e+12 -3.00000315e+12 -9.00000285e+12
 -7.83000000e+05 -7.00000277e+12 -1.00000030e+13 -7.00000245e+12
 -7.00000366e+12 -5.00000384e+12 -1.00000306e+12 -3.00000273e+12
 -1.00000041e+13 -1.62200000e+06 -4.00000279e+12 -1.00000227e+12
 -6.00000321e+12 -6.00000254e+12 -7.00000279e+12 -6.00000326e+12
 -7.83000000e+05 -6.00000300e+12 -5.00000410e+12 -5.00000211e+12
 -7.00000381e+12 -6.00000351e+12 -7.00000277e+12 -2.00000270e+12
 -2.44000000e+05 -7.00000361e+12 -2.00000229e+12 -6.00000307e+12
 -2.00000147e+12 -3.62000000e+05 -7.00000285e+12 -4.00000353e+12
 -6.82000000e+05 -1.00000042e+13 -5.00000262e+12 -9.00000384e+12
 -4.00000238e+12 -5.00000304e+12 -7.00000327e+12 -7.00000343e+12
 -2.00000205e+12 -1.88200000e+06 -5.00000372e+12 -5.00000380e+12
 -7.00000181e+12 -3.00000222e+12 -6.00000368e+12 -8.00000267e+12
 -7.00000248e+12 -9.00000315e+12 -5.00000274e+12 -5.00000252e+12
 -7.00000485e+12 -7.00000201e+12 -3.00000304e+12 -8.00000278e+12
 -4.00000317e+12 -5.00000159e+12 -7.00000326e+12 -6.10000000e+04
 -8.00000325e+12 -8.00000290e+12 -6.00000341e+12 -4.00000266e+12
 -5.00000370e+12 -2.00000168e+12 -7.00000265e+12 -7.00000280e+12
 -4.00000228e+12 -6.00000227e+12 -7.00000299e+12 -8.00000293e+12
 -6.00000246e+12 -5.00000269e+12 -8.00000296e+12 -9.00000382e+12
 -5.00000312e+12 -6.00000324e+12 -7.00000199e+12 -6.00000309e+12
 -7.00000265e+12 -7.00000252e+12 -7.00000451e+12 -4.00000245e+12
 -7.00000312e+12 -6.00000318e+12 -8.00000361e+12 -6.00000368e+12
 -7.00000337e+12 -8.00000334e+12 -4.00000241e+12 -1.44200000e+06
 -6.00000283e+12 -7.00000235e+12 -6.00000359e+12 -1.71100000e+06
 -8.00000288e+12 -2.00000122e+12 -7.00000233e+12 -6.00000239e+12
 -8.00000269e+12 -7.00000326e+12 -6.00000249e+12 -5.00000222e+12
 -6.00000232e+12 -6.00000226e+12 -5.00000344e+12 -1.77100000e+06
 -5.00000210e+12 -1.00000099e+12 -6.00000155e+12 -6.00000326e+12
 -7.00000253e+12 -1.50100000e+06 -5.00000276e+12 -1.00000166e+12
 -4.00000186e+12 -9.00000260e+12 -4.00000335e+12 -8.00000260e+12
 -6.00000307e+12 -6.00000414e+12 -6.00000251e+12 -1.10000037e+13
 -6.00000284e+12 -9.00000366e+12 -1.87200000e+06 -6.03000000e+05
 -8.00000312e+12 -4.00000317e+12 -2.00000253e+12 -9.00000425e+12
 -6.00000379e+12 -6.00000262e+12 -7.00000316e+12 -3.00000205e+12
 -2.00000170e+12 -5.00000368e+12]
best timetable in last gen:  [[0, 8], [11, 16], [12, 23], [22, 10, 1], [5, 3], [2, 13], [9, 15, 17, 20], [6, 18, 19], [7, 4, 24], [21, 14]] with fitness:  -2000.0
best timetable in last gens Diploid:  [[0, 8], [11, 16], [12, 23], [22, 10, 1], [5, 3], [2, 13, 20], [9, 15, 17], [6, 18, 19], [7, 4, 24], [21, 14]] with fitness:  -61000.0
The max fitnesses of each gen:  [-7000001890000, -7000001890000, -7000001890000, -7000001740000, -7000001260000, -7000001260000, -7000001260000, -7000001260000, -6000001230000, -6000001130000, -5000001000000, -5000001000000, -5000001000000, -5000001000000, -5000001000000, -5000001000000, -5000001000000, -5000001000000, -5000001000000, -5000001000000, -4000002081000, -4000002081000, -4000002081000, -4000002081000, -4000002081000, -4000002081000, -4000002081000, -4000002081000, -4000002081000, -4000002011000, -4000002011000, -3000002061000, -3000002061000, -3000002061000, -3000002061000, -3000002061000, -3000001811000, -3000001811000, -3000001811000, -3000001811000, -2000001931000, -2000001931000, -2000001851000, -2000001851000, -2000001851000, -2000001851000, -2000001741000, -2000001511000, -2000001511000, -2000001401000, -2000001401000, -2000001401000, -2000001401000, -2000001401000, -2000001401000, -2000001401000, -2000001401000, -2000001401000, -2000001401000, -2000001171000, -2000001171000, -2000001171000, -2000001171000, -2000001171000, -1000001802000, -1000001802000, -1000001742000, -1000001742000, -1000001742000, -1000001562000, -1000001562000, -1000001562000, -1000001472000, -1000001472000, -1000001472000, -1000001342000, -1000001342000, -1000001342000, -1000001342000, -1000001342000, -1000001342000, -1000001342000, -1000001342000, -1000001342000, -1000001342000, -1000001342000, -1000001131000, -1000001131000, -1422000, -1422000, -1422000, -1422000, -1422000, -1392000, -1372000, -1392000, -1362000, -1362000, -1322000, -1322000, -1322000, -1202000, -1202000, -1202000, -1102000, -1102000, -1102000, -1102000, -1102000, -1032000, -802000, -802000, -802000, -802000, -802000, -802000, -802000, -802000, -802000, -802000, -802000, -802000, -802000, -802000, -802000, -802000, -802000, -802000, -802000, -802000, -802000, -802000, -802000, -802000, -802000, -802000, -802000, -802000, -802000, -802000, -802000, -802000, -752000, -752000, -752000, -752000, -752000, -801000, -801000, -801000, -801000, -801000, -801000, -801000, -782000, -782000, -782000, -782000, -782000, -782000, -681000, -681000, -681000, -681000, -622000, -622000, -602000, -602000, -602000, -602000, -602000, -602000, -512000, -512000, -512000, -512000, -512000, -512000, -512000, -512000, -512000, -512000, -512000, -512000, -512000, -512000, -512000, -512000, -512000, -392000, -392000, -392000, -392000, -392000, -392000, -392000, -392000, -392000, -392000, -392000, -392000, -392000, -392000, -392000, -392000, -392000, -392000, -392000, -392000, -392000, -392000, -392000, -392000, -392000, -392000, -392000, -392000, -392000, -392000, -392000, -392000, -392000, -392000, -392000, -392000, -392000, -332000, -392000, -392000, -392000, -392000, -392000, -392000, -392000, -392000, -392000, -392000, -392000, -392000, -392000, -372000, -372000, -372000, -372000, -372000, -372000, -372000, -372000, -181000, -181000, -181000, -181000, -181000, -181000, -181000, -181000, -121000, -121000, -121000, -121000, -121000, -121000, -121000, -121000, -121000, -121000, -121000, -121000, -121000, -121000, -121000, -121000, -121000, -121000, -121000, -121000, -121000, -121000, -121000, -121000, -121000, -121000, -121000, -121000, -121000, -121000, -121000, -121000, -121000, -121000, -121000, -121000, -121000, -121000, -121000, -121000, -121000, -121000, -121000, -121000, -121000, -121000, -121000, -121000, -121000, -121000, -121000, -121000, -121000, -121000, -121000, -121000, -121000, -121000, -121000, -121000, -121000, -121000, -121000, -121000, -121000, -121000, -121000, -121000, -121000, -121000, -121000, -121000, -121000, -121000, -121000, -121000, -121000, -121000, -121000, -121000, -121000, -121000, -121000, -121000, -121000, -121000, -121000, -121000, -121000, -121000, -121000, -121000, -121000, -121000, -121000, -121000, -121000, -121000, -121000, -121000, -121000, -121000, -121000, -121000, -121000, -121000, -121000, -121000, -121000, -121000, -121000, -121000, -121000, -121000, -121000, -121000, -121000, -121000, -121000, -121000, -121000, -121000, -121000, -121000, -121000, -121000, -121000, -121000, -121000, -121000, -121000, -121000, -121000, -121000, -121000, -121000, -121000, -121000, -121000, -121000, -121000, -121000, -121000, -121000, -121000, -121000, -121000, -121000, -121000, -121000, -121000, -121000, -121000, -121000, -121000, -121000, -121000, -121000, -121000, -121000, -121000, -121000, -121000, -121000, -121000, -121000, -121000, -121000, -121000, -121000, -121000, -121000, -121000, -121000, -121000, -121000, -121000, -121000, -121000, -121000, -121000, -121000, -121000, -121000, -121000, -121000, -121000, -121000, -121000, -121000, -121000, -121000, -121000, -121000, -121000, -121000, -121000, -121000, -121000, -121000, -121000, -121000, -121000, -121000, -121000, -121000, -121000, -121000, -121000, -121000, -121000, -121000, -121000, -121000, -121000, -121000, -121000, -121000, -121000, -121000, -121000, -121000, -121000, -121000, -121000, -121000, -121000, -121000, -121000, -121000, -62000, -62000, -62000, -62000, -62000, -62000, -62000, -62000, -62000, -62000, -62000, -62000, -62000, -62000, -62000, -62000, -61000, -61000, -61000, -61000, -61000, -61000, -61000, -61000, -61000, -61000, -61000, -61000, -61000, -61000, -61000, -61000, -61000, -61000, -61000, -61000, -61000, -61000, -61000, -61000, -61000, -61000, -61000, -61000, -61000, -61000, -61000, -61000, -61000, -61000, -61000, -61000, -61000, -61000, -61000, -61000, -61000, -61000, -61000, -61000, -61000, -61000, -61000, -61000, -61000, -61000, -61000, -61000, -61000, -61000, -61000, -61000, -61000, -61000, -61000, -61000, -61000, -61000, -61000, -61000, -61000, -61000, -61000, -61000, -61000, -61000, -61000, -61000, -61000, -61000, -61000, -61000, -61000, -61000, -61000, -61000, -61000, -61000, -61000, -61000, -61000, -61000, -61000, -61000, -61000, -61000]

Process finished with exit code 0

